59128
51880
59154
54123
55224
59274
54663
58831
57224
59244
55498
50215
51803
56008
58816
54265
51341
52546
50425
55579
54263
50828
52881
57486
59275
56635
57756
49528
50398
53532
44032
56984
58484
53687
51081
58760
57223
53939
50349
56957
58604
53754
58948
59142
48990
52984
41130
56491
56765
56749
45869
53981
54713
53696
58051
51150
57192
53983
38195
57368
50138
58677
41108
53548
44019
44677
36625
44844
58327
52512
48792
54571
56048
49066
36700
47576
55093
47003
44607
46079
44821
51726
46606
50053
50467
55094
55466
45366
50193
55065